1000
10001
10002
10003
10006
10007
10008
10009
1001
10010
10011
10012
10013
10014
10017
10018
10019
1002
10020
10021
10022
10023
10024
10025
10026
10027
10028
10029
1003
10030
10031
10032
10033
10034
10036
10037
10038
10039
1004
10040
10041
10042
10043
10044
10045
10046
10047
10048
10049
1005
10050
10051
10052
10053
10054
10055
10056
10057
10058
10059
1006
10060
10061
10062
10063
10064
10065
10066
10067
10068
10069
1007
10070
10071
10072
10073
10074
10075
10076
10077
10078
10079
1008
10080
10081
10082
10083
10084
10085
10086
10087
10088
10089
1009
10090
10091
10092
10093
10094
10095
10096
10097
10098
10099
101
1010
10100
10101
10102
10103
10104
10105
10106
10107
10108
10109
1011
10110
10111
10112
10113
10114
10115
10116
10117
10118
10119
1012
10120
10122
10123
10124
10125
10126
10127
10128
10129
1013
10130
10131
10132
10133
10134
10135
10136
10137
10138
10139
1014
10140
10141
10142
10143
10144
10145
10146
10147
10148
10149
1015
10150
10151
10152
10153
10154
10155
10156
10157
10158
10159
1016
10160
10161
10162
10163
10164
10165
10166
10167
10168
10169
1017
10170
10171
10172
10173
10174
10175
10176
10177
10178
10179
1018
10180
10181
10182
10183
10184
10185
10186
10187
10188
10189
1019
10190
10191
10192
10193
10194
10195
10196
10197
10198
10199
102
1020
10200
10201
10202
10203
10204
10205
10206
10207
10208
1021
10238
1024
10240
10243
10245
1025
10253
10255
10256
10257
10258
10259
1026
10260
10261
10262
10263
10264
10265
10266
10267
10268
10269
1027
10270
10271
10272
10273
10274
10275
10276
1028
10280
10281
10282
10283
10284
10285
10286
10287
10288
10289
1029
10290
10291
10292
10293
10294
10295
10296
10297
10298
10299
1030
10300
10301
10302
10303
10304
10305
10306
10307
10308
10309
1031
10311
10312
10314
10315
10317
10319
1032
10321
10322
10323
10325
10326
10327
1033
10333
10334
10335
10336
10337
10338
10339
1034
10340
10341
10342
10343
10344
10345
10346
10347
10348
10349
1035
10350
10351
10352
10353
10354
10355
10356
10357
10358
10359
1036
10360
10361
10362
10363
10365
10366
10367
10368
10369
1037
10370
10371
10372
10373
10374
10375
10376
10377
10378
10379
1038
10380
10381
10382
10383
10384
10385
10386
10387
10388
10389
1039
10390
10391
10392
10393
10394
10395
10396
10397
10398
10399
1040
10400
10401
10402
10403
10404
10405
10406
10407
10408
10409
1041
10410
10411
10412
10413
10414
10415
10416
10417
10418
10419
1042
10420
10421
10422
10423
10424
10425
10426
10427
10428
10429
1043
10430
10432
10433
10434
10435
10436
10437
10438
10439
1044
10440
10441
10442
10443
10445
10446
10447
10448
10449
1045
10450
10451
10452
10453
10454
10455
10456
10457
10458
10459
1046
10460
10461
10462
10463
10464
10465
10466
10467
10468
10469
1047
10470
10471
10472
10473
10474
10475
10476
10477
10478
10479
1048
10480
10481
10482
10483
10484
10485
10486
10487
10488
10489
1049
10490
10491
10492
10493
10494
10496
10497
10498
10499
105
1050
10500
10501
10502
10503
10504
10505
10506
10507
10508
10509
1051
10510
10511
10513
10514
10515
10516
10517
10518
10519
1052
10520
10521
10522
10523
10524
10525
10526
10527
10528
10529
1053
10530
10531
10532
10533
10534
10535
10536
10537
10538
10539
1054
10540
10541
10542
10543
10544
10545
10546
10547
10548
10549
1055
10550
10551
10552
10553
10554
10555
10556
10557
10558
10559
1056
10560
10561
10562
10563
10564
10565
10566
10567
10568
10569
1057
10570
10571
10572
10573
10574
10575
10576
10577
10578
10579
1058
10580
10581
10582
10583
10584
10585
10586
10587
10588
10589
1059
10590
10591
10592
10593
10594
10595
10596
10597
10598
10599
106
1060
10600
10601
10602
10603
10604
10605
10606
10607
10608
10609
1061
10610
10612
10613
10614
10615
10616
10617
10618
10619
1062
10620
10621
10622
10623
10624
10625
10626
10627
10628
10629
1063
10630
10631
10632
10633
10634
10635
10636
10637
10638
10639
1064
10640
10641
10642
10643
10644
10645
10647
10648
10649
1065
10650
10651
10652
10653
10654
10655
10656
10657
10658
10659
10660
10661
10662
10663
10664
10665
10666
10667
10669
1067
10670
10671
10672
10673
10675
10676
10677
10678
10679
1068
10680
10681
10682
10683
10685
10686
10687
10688
1069
10694
10695
10696
10697
10698
10699
107
1070
10700
10701
10702
10703
10704
10705
10706
10707
10708
10709
1071
10710
10711
10712
10713
10714
10715
10716
10717
10718
10719
1072
10720
10721
10722
10723
10724
10725
10726
10727
10728
10729
1073
10730
10731
10732
10733
10734
10735
10736
10737
10738
10739
1074
10740
10741
10742
10743
10744
10745
10746
10747
10748
1075
10750
10751
10752
10753
10754
10755
10756
10757
10758
10759
1076
10760
10761
10762
10763
10766
10767
10768
10769
1077
10770
10771
10772
10773
10774
10775
10776
10777
10778
10779
1078
10780
10781
10782
10783
10784
10785
10786
10787
10788
10789
1079
10790
10791
10792
10793
10794
10795
10796
10797
10798
108
1080
10800
10801
10802
10803
10804
10805
10806
10807
10808
10809
1081
10810
10811
10812
10813
10814
10815
10816
10817
10818
10819
1082
10820
10821
10822
10823
10824
10825
10826
10827
10828
10829
1083
10830
10831
10832
10833
10834
10835
10836
10837
10838
10839
1084
10840
10841
10842
10843
10844
10845
10846
10847
10848
10849
1085
10850
10851
10852
10853
10854
10855
10856
10857
10858
10859
1086
10860
10861
10862
10863
10864
10865
10866
10867
10868
10869
1087
10870
10871
10872
10873
10874
10875
10876
10877
10878
10879
1088
10880
10881
10882
10883
10884
10885
10886
10887
10888
10889
1089
10890
10891
10892
10893
10894
10895
10896
10897
10898
10899
109
1090
10900
10901
10902
10903
10904
10905
10906
10907
10908
10909
1091
10910
10912
10914
10915
10916
10917
10918
10919
1092
10920
10921
10922
10923
10924
10925
10926
10927
10928
10929
1093
10930
10931
10932
10933
10934
10935
10936
10937
10938
10939
1094
10940
10941
10942
10943
10944
10945
10946
10947
10948
10949
1095
10950
10951
10952
10953
10954
10955
10956
10957
10958
10959
1096
10960
10961
10962
10963
10964
10965
10966
10967
10968
10969
1097
10970
10971
10972
10973
10974
10975
10976
10977
10978
10979
1098